20,000.00
12
CONSTANT
10.00
5/31/2021

1	6/30/2021	1,593.94	164.38	1,758.32	18,406.06
2	7/31/2021	1,601.99	156.33	1,758.32	16,804.07
3	8/31/2021	1,615.60	142.72	1,758.32	15,188.48
4	9/30/2021	1,633.48	124.84	1,758.32	13,555.00
5	10/31/2021	1,643.20	115.12	1,758.32	11,911.80
6	11/30/2021	1,660.41	97.91	1,758.32	10,251.39
7	12/31/2021	1,671.25	87.07	1,758.32	8,580.15
8	1/31/2022	1,685.45	72.87	1,758.32	6,894.70
9	2/28/2022	1,705.43	52.89	1,758.32	5,189.27
10	3/31/2022	1,714.25	44.07	1,758.32	3,475.02
11	4/30/2022	1,729.76	28.56	1,758.32	1,745.26
12	5/31/2022	1,745.26	14.82	1,760.08	0.00

30,000.00
24
CONSTANT
15.00
4/21/2021


1	5/21/2021	1,084.74	369.86	1,454.60	28,915.26
2	6/21/2021	1,086.23	368.37	1,454.60	27,829.03
3	7/21/2021	1,111.50	343.10	1,454.60	26,717.53
4	8/21/2021	1,114.23	340.37	1,454.60	25,603.30
5	9/21/2021	1,128.42	326.18	1,454.60	24,474.88
6	10/21/2021	1,152.85	301.75	1,454.60	23,322.03
7	11/21/2021	1,157.48	297.12	1,454.60	22,164.55
8	12/21/2021	1,181.34	273.26	1,454.60	20,983.21
9	1/21/2022	1,187.28	267.32	1,454.60	19,795.94
10	2/21/2022	1,202.41	252.19	1,454.60	18,593.53
11	3/21/2022	1,240.65	213.95	1,454.60	17,352.88
12	4/21/2022	1,233.53	221.07	1,454.60	16,119.35
13	5/21/2022	1,255.87	198.73	1,454.60	14,863.48
14	6/21/2022	1,265.24	189.36	1,454.60	13,598.24
15	7/21/2022	1,286.95	167.65	1,454.60	12,311.29
16	8/21/2022	1,297.76	156.84	1,454.60	11,013.53
17	9/21/2022	1,314.29	140.31	1,454.60	9,699.24
18	10/21/2022	1,335.02	119.58	1,454.60	8,364.22
19	11/21/2022	1,348.04	106.56	1,454.60	7,016.18
20	12/21/2022	1,368.10	86.50	1,454.60	5,648.08
21	1/21/2023	1,382.64	71.96	1,454.60	4,265.44
22	2/21/2023	1,400.26	54.34	1,454.60	2,865.18
23	3/21/2023	1,421.63	32.97	1,454.60	1,443.55
24	4/21/2023	1,443.55	18.39	1,461.94	0.00

40,000.00
36
CONSTANT
20.00
1/15/2021

1	2/15/2021	807.09	679.45	1,486.54	39,192.91
2	3/15/2021	885.22	601.32	1,486.54	38,307.68
3	4/15/2021	835.83	650.71	1,486.54	37,471.85
4	5/15/2021	870.56	615.98	1,486.54	36,601.29
5	6/15/2021	864.82	621.72	1,486.54	35,736.46
6	7/15/2021	899.09	587.45	1,486.54	34,837.37
7	8/15/2021	894.78	591.76	1,486.54	33,942.59
8	9/15/2021	909.98	576.56	1,486.54	33,032.60
9	10/15/2021	943.54	543.00	1,486.54	32,089.06
10	11/15/2021	941.47	545.07	1,486.54	31,147.59
11	12/15/2021	974.52	512.02	1,486.54	30,173.06
12	1/15/2022	974.01	512.53	1,486.54	29,199.05
13	2/15/2022	990.56	495.98	1,486.54	28,208.49
14	3/15/2022	1,053.75	432.79	1,486.54	27,154.73
15	4/15/2022	1,025.28	461.26	1,486.54	26,129.45
16	5/15/2022	1,057.01	429.53	1,486.54	25,072.44
17	6/15/2022	1,060.65	425.89	1,486.54	24,011.78
18	7/15/2022	1,091.83	394.71	1,486.54	22,919.95
19	8/15/2022	1,097.21	389.33	1,486.54	21,822.74
20	9/15/2022	1,115.85	370.69	1,486.54	20,706.88
21	10/15/2022	1,146.15	340.39	1,486.54	19,560.73
22	11/15/2022	1,154.28	332.26	1,486.54	18,406.45
23	12/15/2022	1,183.97	302.57	1,486.54	17,222.47
24	1/15/2023	1,193.99	292.55	1,486.54	16,028.48
25	2/15/2023	1,214.28	272.26	1,486.54	14,814.20
26	3/15/2023	1,259.25	227.29	1,486.54	13,554.94
27	4/15/2023	1,256.29	230.25	1,486.54	12,298.65
28	5/15/2023	1,284.37	202.17	1,486.54	11,014.28
29	6/15/2023	1,299.45	187.09	1,486.54	9,714.82
30	7/15/2023	1,326.84	159.70	1,486.54	8,387.98
31	8/15/2023	1,344.06	142.48	1,486.54	7,043.92
32	9/15/2023	1,366.89	119.65	1,486.54	5,677.02
33	10/15/2023	1,393.22	93.32	1,486.54	4,283.80
34	11/15/2023	1,413.77	72.77	1,486.54	2,870.03
35	12/15/2023	1,439.36	47.18	1,486.54	1,430.66
36	1/15/2024	1,430.66	24.30	1,486.54	0.00

600,000.00
48
CONSTANT
5.00
7/16/2020

1	8/16/2020	11,269.63	2,547.95	13,817.58	588,730.37
2	9/16/2020	11,317.49	2,500.09	13,817.58	577,412.89
3	10/16/2020	11,444.65	2,372.93	13,817.58	565,968.24
4	11/16/2020	11,414.15	2,403.43	13,817.58	554,554.10
5	12/16/2020	11,538.59	2,278.99	13,817.58	543,015.51
6	1/16/2021	11,511.62	2,305.96	13,817.58	531,503.89
7	2/16/2021	11,560.51	2,257.07	13,817.58	519,943.39
8	3/16/2021	11,823.28	1,994.30	13,817.58	508,120.11
9	4/16/2021	11,659.81	2,157.77	13,817.58	496,460.30
10	5/16/2021	11,777.33	2,040.25	13,817.58	484,682.98
11	6/16/2021	11,759.34	2,058.24	13,817.58	472,923.64
12	7/16/2021	11,874.06	1,943.52	13,817.58	461,049.59
13	8/16/2021	11,859.70	1,957.88	13,817.58	449,189.89
14	9/16/2021	11,910.06	1,907.52	13,817.58	437,279.83
15	10/16/2021	12,020.54	1,797.04	13,817.58	425,259.30
16	11/16/2021	12,011.68	1,805.90	13,817.58	413,247.62
17	12/16/2021	12,119.30	1,698.28	13,817.58	401,128.33
18	1/16/2022	12,114.16	1,703.42	13,817.58	389,014.17
19	2/16/2022	12,165.60	1,651.98	13,817.58	376,848.57
20	3/16/2022	12,372.13	1,445.45	13,817.58	364,476.45
21	4/16/2022	12,269.80	1,547.78	13,817.58	352,206.65
22	5/16/2022	12,370.16	1,447.42	13,817.58	339,836.49
23	6/16/2022	12,374.44	1,443.14	13,817.58	327,462.06
24	7/16/2022	12,471.85	1,345.73	13,817.58	314,990.21
25	8/16/2022	12,479.95	1,337.63	13,817.58	302,510.27
26	9/16/2022	12,532.95	1,284.63	13,817.58	289,977.32
27	10/16/2022	12,625.89	1,191.69	13,817.58	277,351.43
28	11/16/2022	12,639.79	1,177.79	13,817.58	264,711.65
29	12/16/2022	12,729.72	1,087.86	13,817.58	251,981.93
30	1/16/2023	12,747.52	1,070.06	13,817.58	239,234.42
31	2/16/2023	12,801.65	1,015.93	13,817.58	226,432.77
32	3/16/2023	12,949.07	868.51	13,817.58	213,483.70
33	4/16/2023	12,911.01	906.57	13,817.58	200,572.70
34	5/16/2023	12,993.31	824.27	13,817.58	187,579.39
35	6/16/2023	13,021.01	796.57	13,817.58	174,558.39
36	7/16/2023	13,100.22	717.36	13,817.58	161,458.17
37	8/16/2023	13,131.94	685.64	13,817.58	148,326.23
38	9/16/2023	13,187.70	629.88	13,817.58	135,138.54
39	10/16/2023	13,262.22	555.36	13,817.58	121,876.32
40	11/16/2023	13,300.02	517.56	13,817.58	108,576.30
41	12/16/2023	13,371.38	446.20	13,817.58	95,204.93
42	1/16/2024	13,413.29	404.29	13,817.58	81,791.64
43	2/16/2024	13,470.25	347.33	13,817.58	68,321.40
44	3/16/2024	13,546.17	271.41	13,817.58	54,775.23
45	4/16/2024	13,584.97	232.61	13,817.58	41,190.26
46	5/16/2024	13,648.30	169.28	13,817.58	27,541.97
47	6/16/2024	13,700.62	116.96	13,817.58	13,841.35
48	7/16/2024	13,841.35	56.88	13,817.58	0.00

10,000.00
6
CONSTANT
12.00
3/18/2019


1	4/18/2019	1,623.56	101.92	1,725.48	8,376.44
2	5/18/2019	1,691.06	34.42	1,725.48	6,685.37
3	6/18/2019	1,697.09	28.39	1,725.48	4,988.28
4	7/18/2019	1,704.98	20.50	1,725.48	3,283.30
5	8/18/2019	1,711.54	13.94	1,725.48	1,571.75
6	9/18/2019	1,571.75	6.67	1,725.48	0.00

25,000.00
18
CONSTANT
15.00
11/30/2018


1	12/30/2018	1,251.40	308.22	1,559.62	23,748.60
2	1/30/2019	1,257.07	302.55	1,559.62	22,491.53
3	2/28/2019	1,291.57	268.05	1,559.62	21,199.96
4	3/30/2019	1,298.25	261.37	1,559.62	19,901.71
5	4/30/2019	1,306.08	253.54	1,559.62	18,595.63
6	5/30/2019	1,330.36	229.26	1,559.62	17,265.27
7	6/30/2019	1,339.67	219.95	1,559.62	15,925.60
8	7/30/2019	1,363.28	196.34	1,559.62	14,562.32
9	8/30/2019	1,374.10	185.52	1,559.62	13,188.22
10	9/30/2019	1,391.61	168.01	1,559.62	11,796.61
11	10/30/2019	1,414.18	145.44	1,559.62	10,382.43
12	11/30/2019	1,427.35	132.27	1,559.62	8,955.08
13	12/30/2019	1,449.21	110.41	1,559.62	7,505.87
14	1/30/2020	1,464.00	95.62	1,559.62	6,041.87
15	2/29/2020	1,485.13	74.49	1,559.62	4,556.74
16	3/30/2020	1,503.44	56.18	1,559.62	3,053.31
17	4/30/2020	1,520.72	38.90	1,559.62	1,532.59
18	5/30/2020	1,532.59	18.89	1,559.62	0.00


